-309669
425739
0
0
101545
0
-18596300
-503320937500518
0
67299046
4278167
2458402815457917
1
0
0
-11483710
1545656199876749899
-12069
1
0
0
896205
0
-87539040
0
-3572
35911634
0
0
0
-1034487615950
1
0
0
782210161
1
0
0
1
22405176928
0
-6901439
0
54862266208911
35772128360488610
0
1
7475837707
1139
-41518811
-1746776281968618364
0
0
0
289984237690946
228000
203221
5128979513
-20028583571
0
1
781358604
1
0
0
0
504252
0
148169
0
0
0
1
8144383500390689806
365223744
-20964215
-1248312
0
47910
0
0
0
260887542
1
1
0
-111537841280
0
0
1
-7624008066
0
103611
11182264106369725
0
0
1
80768
